Sudoku 1 (planteamiento)    Solucion parcial (dificil)
+-------+-------+-------+   +-------+-------+-------+
|     1 |     7 |     4 |   |   8 1 | 2 3 7 | 8 9 4 |   
|   2   | 8 1 4 |       |   | 7 2 5 | 8 1 4 | 3 3 7 |   
| 6     |       |       |   | 6 7 5 | 5 5 9 | 8 1 7 |   
+-------+-------+-------+   +-------+-------+-------+
| 8   6 |     5 |       |   | 8 1 6 | 1 3 5 | 4 4 9 |   
| 9 5   |       |   8 2 |   | 9 5 3 | 1 7   | 6 8 2 |   
|       | 4     | 7   5 |   |       | 4 8 2 | 7 6 5 |   
+-------+-------+-------+   +-------+-------+-------+
|       |       |     8 |   | 7 6 7 | 5 4 6 | 2 2 8 |   
|       | 3 2 1 |   7   |   | 4 6 8 | 3 2 1 | 4 7 9 |   
| 5     | 9     | 1     |   | 5 6 7 | 9 4 6 | 1 2 3 |   
+-------+-------+-------+   +-------+-------+-------+

Sudoku 2 (planteamiento)    Solucion parcial (dificil)
+-------+-------+-------+   +-------+-------+-------+
|       | 8 3 6 | 1     |   | 2 2   | 8 3 6 | 1 7 5 |   
| 4 6   |   9   |     2 |   | 4 6 3 | 1 9 7 | 5 3 2 |   
|     1 |     2 |       |   | 5 3 1 | 4 7 2 | 6 4 6 |   
+-------+-------+-------+   +-------+-------+-------+
|   7   |       | 4     |   | 1 7 2 | 6 8 3 | 4 9 8 |   
| 8   5 |       | 2   1 |   | 8 3 5 | 6 7 3 | 2 7 1 |   
|     9 |       |   5   |   | 6 3 9 | 6 7 3 |   5   |   
+-------+-------+-------+   +-------+-------+-------+
|       | 7     | 3     |   | 6 9 6 | 7 2 4 | 3 1 4 |   
| 3     |   1   |   8 9 |   | 3   6 | 2 1 4 | 5 8 9 |   
|     8 | 3 6 9 |       |   | 7 2 8 | 3 6 9 | 5 1 4 |   
+-------+-------+-------+   +-------+-------+-------+

Sudoku 3 (planteamiento)    Solucion parcial (dificil)
+-------+-------+-------+   +-------+-------+-------+
|       |   8   | 5   1 |   | 2 3 2 | 2 8 3 | 5 3 1 |   
|       |     5 |   2 6 |   | 4 8 8 | 1 9 5 | 3 2 6 |   
| 7   9 |       |       |   | 7 5 9 | 1 1 1 |   4 8 |   
+-------+-------+-------+   +-------+-------+-------+
|       |     2 | 6     |   | 5 5 8 | 7 5 2 | 6 1 4 |   
| 1 7   |       |   8 3 |   | 1 7 2 | 4 5 4 | 2 8 3 |   
|     4 | 9     |       |   | 2 5 4 | 9 5 7 | 7 5 5 |   
+-------+-------+-------+   +-------+-------+-------+
|       |       | 8   9 |   | 6 6 6 | 3 2 4 | 8 1 9 |   
| 8 2   | 5     |       |   | 8 2 6 | 5 9 9 | 4 6 7 |   
| 3   5 |   6   |       |   | 3 9 5 | 8 6 8 |   7 2 |   
+-------+-------+-------+   +-------+-------+-------+

